[ 4677.455519] [Project1] 3703 1587971734.286638909 1587971735.161214252
[ 4678.324883] [Project1] 3704 1587971735.161340898 1587971736.030574157
[ 4679.198946] [Project1] 3705 1587971736.030698987 1587971736.904635718
[ 4680.060789] [Project1] 3706 1587971736.904774645 1587971737.766474472
[ 4680.942107] [Project1] 3707 1587971737.766592030 1587971738.647790013
[ 4681.807871] [Project1] 3708 1587971738.647921771 1587971739.513550418
[ 4682.665924] [Project1] 3709 1587971739.513673873 1587971740.371599207
[ 4683.526210] [Project1] 3710 1587971740.371722918 1587971741.231883018
[ 4684.387061] [Project1] 3711 1587971741.232008732 1587971742.092730096
[ 4685.251300] [Project1] 3712 1587971742.092853395 1587971742.956965950
